189324962

189342242
4
188274338
34
189322058
0 4
189342364
6 4
189327842
15 4
189338786
18 4
188662562
34 4
189326234
12 34
188244386
21 34
148461218
24 34
190652066
30 34
189324963
6 0 4
189322658
9 0 4
189239114
18 0 4
188271434
34 0 4
189342362
9 6 4
189327964
15 6 4
188662684
34 6 4
189311138
18 15 4
190696994
27 15 4
188316962
34 15 4
148848290
27 18 4
188606114
34 18 4
189342410
4 12 34
189326236
9 12 34
189324986
21 12 34
190697114
30 12 34
188659106
4 21 34
188243786
9 21 34
148431266
24 21 34
148849442
4 24 34
189269666
27 24 34
181362338
30 24 34
190669346
4 30 34
188315810
27 30 34
189342243
4 6 0 4
188274339
34 6 0 4
189324988
6 9 0 4
189239714
18 9 0 4
189326114
21 9 0 4
188272034
34 9 0 4
189335882
4 18 0 4
148430666
27 18 0 4
186916682
34 18 0 4
189324938
0 9 6 4
188661410
12 9 6 4
189327962
15 9 6 4
188662682
34 9 6 4
189342484
4 15 6 4
190697116
27 15 6 4
188317084
34 15 6 4
189341666
4 18 15 4
187942562
34 18 15 4
190693538
18 27 15 4
190653218
34 27 15 4
148502690
15 27 18 4
132535970
34 27 18 4
189342412
4 9 12 34
189342266
4 21 12 34
188274362
34 21 12 34
190697834
4 30 12 34
190653338
34 30 12 34
188658506
4 9 21 34
148845986
4 24 21 34
123216290
34 24 21 34
189339938
4 27 24 34
181379618
4 30 24 34
180311714
34 30 24 34
188664290
4 27 30 34
189326090
12 34 0 4
188188490
21 34 0 4
148458314
24 34 0 4
190649162
30 34 0 4
189342417
12 34 6 4
188661436
21 34 6 4
148849564
24 34 6 4
190669468
30 34 6 4
189328010
12 34 15 4
188313506
21 34 15 4
148503842
24 34 15 4
190654946
30 34 15 4
189340058
12 34 18 4
188576162
21 34 18 4
148792994
24 34 18 4
190665890
30 34 18 4
189342268
4 6 9 0 4
188274364
34 6 9 0 4
189336482
4 18 9 0 4
186917282
34 18 9 0 4
148845386
4 27 18 0 4
123215690
34 27 18 0 4
189342218
4 0 9 6 4
188274314
34 0 9 6 4
189342482
4 15 9 6 4
188317082
34 15 9 6 4
190697836
4 27 15 6 4
190653340
34 27 15 6 4
190697570
4 18 27 15 4
190596770
34 18 27 15 4
148851170
4 15 27 18 4
124241570
34 15 27 18 4
189327843
15 4 6 0 4
189338787
18 4 6 0 4
188662563
34 4 6 0 4
189326235
12 34 6 0 4
188244387
21 34 6 0 4
148461219
24 34 6 0 4
190652067
30 34 6 0 4
189326138
12 34 9 0 4
148458914
24 34 9 0 4
190649762
30 34 9 0 4
189308234
15 4 18 0 4
188603210
34 4 18 0 4
189269642
12 34 18 0 4
186197834
21 34 18 0 4
147103562
24 34 18 0 4
190566218
30 34 18 0 4
188661434
21 34 9 6 4
148849562
24 34 9 6 4
190669466
30 34 9 6 4
189341788
18 4 15 6 4
188664460
34 4 15 6 4
189328017
12 34 15 6 4
188315836
21 34 15 6 4
148503964
24 34 15 6 4
190655068
30 34 15 6 4
188648738
34 4 18 15 4
189312410
12 34 18 15 4
187912610
21 34 18 15 4
148129442
24 34 18 15 4
190638242
30 34 18 15 4
190697162
12 34 27 15 4
181363490
24 34 27 15 4
132506018
21 34 27 18 4
180698786
30 34 27 18 4
189326115
0 4 9 12 34
189328012
15 4 9 12 34
189340060
18 4 9 12 34
189322634
0 4 21 12 34
189342365
6 4 21 12 34
189327866
15 4 21 12 34
189338810
18 4 21 12 34
188662586
34 4 21 12 34
148461242
24 34 21 12 34
190652090
30 34 21 12 34
190696970
0 4 30 12 34
190697841
6 4 30 12 34
190697234
15 4 30 12 34
190697690
18 4 30 12 34
190669514
34 4 30 12 34
181363610
24 34 30 12 34
188661411
6 4 9 21 34
188312906
15 4 9 21 34
188575562
18 4 9 21 34
148375370
0 4 24 21 34
148848316
6 4 24 21 34
148500386
15 4 24 21 34
148763042
18 4 24 21 34
132533666
34 4 24 21 34
180281762
30 34 24 21 34
189266762
0 4 27 24 34
189312290
15 4 27 24 34
181359434
0 4 30 24 34
181379740
6 4 30 24 34
181365218
15 4 30 24 34
181376162
18 4 30 24 34
180699938
34 4 30 24 34
188664412
6 4 27 30 34
188647586
18 4 27 30 34
189326140
9 12 34 0 4
188661386
9 21 34 6 4
190694690
27 24 34 15 4
132577442
27 30 34 18 4
189322659
0 4 6 9 0 4
189327868
15 4 6 9 0 4
189338812
18 4 6 9 0 4
188662588
34 4 6 9 0 4
189326237
12 34 6 9 0 4
148461244
24 34 6 9 0 4
190652092
30 34 6 9 0 4
189183818
0 4 18 9 0 4
189308834
15 4 18 9 0 4
188603810
34 4 18 9 0 4
189269690
12 34 18 9 0 4
147104162
24 34 18 9 0 4
190566818
30 34 18 9 0 4
148848291
6 4 27 18 0 4
148499786
15 4 27 18 0 4
148762442
18 4 27 18 0 4
132533066
34 4 27 18 0 4
148461194
12 34 27 18 0 4
122496842
21 34 27 18 0 4
180281162
30 34 27 18 0 4
189342363
6 4 0 9 6 4
189327818
15 4 0 9 6 4
189338762
18 4 0 9 6 4
188662538
34 4 0 9 6 4
188244362
21 34 0 9 6 4
190652042
30 34 0 9 6 4
189342489
6 4 15 9 6 4
189341786
18 4 15 9 6 4
188664458
34 4 15 9 6 4
188315834
21 34 15 9 6 4
148503962
24 34 15 9 6 4
190655066
30 34 15 9 6 4
190696995
0 4 27 15 6 4
190697236
15 4 27 15 6 4
190697692
18 4 27 15 6 4
190669516
34 4 27 15 6 4
190697169
12 34 27 15 6 4
181363612
24 34 27 15 6 4
190690634
0 4 18 27 15 4
190696418
15 4 18 27 15 4
190667042
34 4 18 27 15 4
190694810
12 34 18 27 15 4
181307042
24 34 18 27 15 4
148851292
6 4 15 27 18 4
148834466
18 4 15 27 18 4
132578594
34 4 15 27 18 4
124211618
21 34 15 27 18 4
180353186
30 34 15 27 18 4
189311139
18 15 4 6 0 4
188316963
34 15 4 6 0 4
188606115
34 18 4 6 0 4
189342411
4 12 34 6 0 4
189324987
21 12 34 6 0 4
190697115
30 12 34 6 0 4
188659107
4 21 34 6 0 4
148431267
24 21 34 6 0 4
148849443
4 24 34 6 0 4
189269667
27 24 34 6 0 4
181362339
30 24 34 6 0 4
190669347
4 30 34 6 0 4
188315811
27 30 34 6 0 4
190697018
30 12 34 9 0 4
189267362
27 24 34 9 0 4
181360034
30 24 34 9 0 4
187939658
34 15 4 18 0 4
189339914
4 12 34 18 0 4
189269692
9 12 34 18 0 4
189239690
21 12 34 18 0 4
190693514
30 12 34 18 0 4
188520266
4 21 34 18 0 4
146384714
24 21 34 18 0 4
148790090
4 24 34 18 0 4
181276490
30 24 34 18 0 4
190662986
4 30 34 18 0 4
124211018
27 30 34 18 0 4
148848314
24 21 34 9 6 4
181379738
30 24 34 9 6 4
188664410
27 30 34 9 6 4
188648860
34 18 4 15 6 4
189342491
4 12 34 15 6 4
189327965
21 12 34 15 6 4
190697241
30 12 34 15 6 4
188664316
4 21 34 15 6 4
188315786
9 21 34 15 6 4
148502716
24 21 34 15 6 4
148851340
4 24 34 15 6 4
190694812
27 24 34 15 6 4
181365340
30 24 34 15 6 4
190669588
4 30 34 15 6 4
189341834
4 12 34 18 15 4
189312412
9 12 34 18 15 4
189311162
21 12 34 18 15 4
190696538
30 12 34 18 15 4
188645282
4 21 34 18 15 4
187912010
9 21 34 18 15 4
148099490
24 21 34 18 15 4
148835618
4 24 34 18 15 4
181348514
30 24 34 18 15 4
190668770
4 30 34 18 15 4
190697164
9 12 34 27 15 4
132505418
9 21 34 27 18 4
188272010
34 0 4 21 12 34
188662685
34 6 4 21 12 34
188316986
34 15 4 21 12 34
188606138
34 18 4 21 12 34
148849466
4 24 34 21 12 34
181362362
30 24 34 21 12 34
190669370
4 30 34 21 12 34
190697020
9 0 4 30 12 34
190653194
34 0 4 30 12 34
190669521
34 6 4 30 12 34
190655114
34 15 4 30 12 34
148851290
27 18 4 30 12 34
190667162
34 18 4 30 12 34
181379786
4 24 34 30 12 34
123160394
34 0 4 24 21 34
148848266
9 6 4 24 21 34
132535996
34 6 4 24 21 34
190691234
27 15 4 24 21 34
124239266
34 15 4 24 21 34
131178914
34 18 4 24 21 34
180696482
4 30 34 24 21 34
180308810
34 0 4 30 24 34
180700060
34 6 4 30 24 34
180354338
34 15 4 30 24 34
180643490
34 18 4 30 24 34
189239715
18 0 4 6 9 0 4
188272035
34 0 4 6 9 0 4
189311164
18 15 4 6 9 0 4
188316988
34 15 4 6 9 0 4
188606140
34 18 4 6 9 0 4
189342413
4 12 34 6 9 0 4
190697117
30 12 34 6 9 0 4
148849468
4 24 34 6 9 0 4
181362364
30 24 34 6 9 0 4
190669372
4 30 34 6 9 0 4
186861386
34 0 4 18 9 0 4
187940258
34 15 4 18 9 0 4
189339962
4 12 34 18 9 0 4
190693562
30 12 34 18 9 0 4
148790690
4 24 34 18 9 0 4
181277090
30 24 34 18 9 0 4
190663586
4 30 34 18 9 0 4
148502691
15 6 4 27 18 0 4
132535971
34 6 4 27 18 0 4
148098890
18 15 4 27 18 0 4
124238666
34 15 4 27 18 0 4
131178314
34 18 4 27 18 0 4
148849418
4 12 34 27 18 0 4
148431242
21 12 34 27 18 0 4
181362314
30 12 34 27 18 0 4
132450122
4 21 34 27 18 0 4
180695882
4 30 34 27 18 0 4
189327963
15 6 4 0 9 6 4
188662683
34 6 4 0 9 6 4
189311114
18 15 4 0 9 6 4
188316938
34 15 4 0 9 6 4
188606090
34 18 4 0 9 6 4
188659082
4 21 34 0 9 6 4
190669322
4 30 34 0 9 6 4
188664465
34 6 4 15 9 6 4
188648858
34 18 4 15 9 6 4
188664314
4 21 34 15 9 6 4
148502714
24 21 34 15 9 6 4
148851338
4 24 34 15 9 6 4
181365338
30 24 34 15 9 6 4
190669586
4 30 34 15 9 6 4
190693539
18 0 4 27 15 6 4
190653219
34 0 4 27 15 6 4
190696540
18 15 4 27 15 6 4
190655116
34 15 4 27 15 6 4
190667164
34 18 4 27 15 6 4
190697843
4 12 34 27 15 6 4
181379788
4 24 34 27 15 6 4
190593866
34 0 4 18 27 15 4
190639394
34 15 4 18 27 15 4
190697738
4 12 34 18 27 15 4
181377314
4 24 34 18 27 15 4
132578716
34 6 4 15 27 18 4
132204194
34 18 4 15 27 18 4
132575138
4 21 34 15 27 18 4
180701666
4 30 34 15 27 18 4
189341667
4 18 15 4 6 0 4
187942563
34 18 15 4 6 0 4
189342267
4 21 12 34 6 0 4
188274363
34 21 12 34 6 0 4
190697835
4 30 12 34 6 0 4
190653339
34 30 12 34 6 0 4
148845987
4 24 21 34 6 0 4
123216291
34 24 21 34 6 0 4
189339939
4 27 24 34 6 0 4
181379619
4 30 24 34 6 0 4
180311715
34 30 24 34 6 0 4
188664291
4 27 30 34 6 0 4
190653242
34 30 12 34 9 0 4
180309410
34 30 24 34 9 0 4
189339964
4 9 12 34 18 0 4
190693564
30 9 12 34 18 0 4
189336458
4 21 12 34 18 0 4
186917258
34 21 12 34 18 0 4
190697546
4 30 12 34 18 0 4
148502666
27 30 12 34 18 0 4
190596746
34 30 12 34 18 0 4
148707146
4 24 21 34 18 0 4
90646346
34 24 21 34 18 0 4
181373258
4 30 24 34 18 0 4
178954058
34 30 24 34 18 0 4
132574538
4 27 30 34 18 0 4
132535994
34 24 21 34 9 6 4
180700058
34 30 24 34 9 6 4
189342485
4 21 12 34 15 6 4
188317085
34 21 12 34 15 6 4
190697846
4 30 12 34 15 6 4
190655121
34 30 12 34 15 6 4
188664266
4 9 21 34 15 6 4
148851196
4 24 21 34 15 6 4
124241596
34 24 21 34 15 6 4
190697740
4 27 24 34 15 6 4
181379860
4 30 24 34 15 6 4
180354460
34 30 24 34 15 6 4
189341836
4 9 12 34 18 15 4
189341690
4 21 12 34 18 15 4
187942586
34 21 12 34 18 15 4
190697810
4 30 12 34 18 15 4
190639514
34 30 12 34 18 15 4
188644682
4 9 21 34 18 15 4
148832162
4 24 21 34 18 15 4
115253666
34 24 21 34 18 15 4
181379042
4 30 24 34 18 15 4
179979938
34 30 24 34 18 15 4
181379642
4 30 24 34 21 12 34
180311738
34 30 24 34 21 12 34
190653244
34 9 0 4 30 12 34
132578714
34 27 18 4 30 12 34
132535946
34 9 6 4 24 21 34
190594466
34 27 15 4 24 21 34
189328011
12 34 15 4 6 0 4
188313507
21 34 15 4 6 0 4
148503843
24 34 15 4 6 0 4
190654947
30 34 15 4 6 0 4
189340059
12 34 18 4 6 0 4
188576163
21 34 18 4 6 0 4
148792995
24 34 18 4 6 0 4
190665891
30 34 18 4 6 0 4
189312266
12 34 15 4 18 0 4
187856714
21 34 15 4 18 0 4
148126538
24 34 15 4 18 0 4
190635338
30 34 15 4 18 0 4
189341841
12 34 18 4 15 6 4
188647612
21 34 18 4 15 6 4
148835740
24 34 18 4 15 6 4
190668892
30 34 18 4 15 6 4
148458890
24 34 0 4 21 12 34
190649738
30 34 0 4 21 12 34
148849565
24 34 6 4 21 12 34
190669469
30 34 6 4 21 12 34
148503866
24 34 15 4 21 12 34
190654970
30 34 15 4 21 12 34
148793018
24 34 18 4 21 12 34
190665914
30 34 18 4 21 12 34
181363466
24 34 0 4 30 12 34
181379793
24 34 6 4 30 12 34
181365386
24 34 15 4 30 12 34
181377434
24 34 18 4 30 12 34
180225866
30 34 0 4 24 21 34
180698812
30 34 6 4 24 21 34
180350882
30 34 15 4 24 21 34
180613538
30 34 18 4 24 21 34
189336483
4 18 0 4 6 9 0 4
186917283
34 18 0 4 6 9 0 4
189341692
4 18 15 4 6 9 0 4
187942588
34 18 15 4 6 9 0 4
190697837
4 30 12 34 6 9 0 4
190653341
34 30 12 34 6 9 0 4
181379644
4 30 24 34 6 9 0 4
180311740
34 30 24 34 6 9 0 4
190697594
4 30 12 34 18 9 0 4
190596794
34 30 12 34 18 9 0 4
181373858
4 30 24 34 18 9 0 4
178954658
34 30 24 34 18 9 0 4
148851171
4 15 6 4 27 18 0 4
124241571
34 15 6 4 27 18 0 4
148831562
4 18 15 4 27 18 0 4
115253066
34 18 15 4 27 18 0 4
148845962
4 21 12 34 27 18 0 4
123216266
34 21 12 34 27 18 0 4
181379594
4 30 12 34 27 18 0 4
180311690
34 30 12 34 27 18 0 4
189342483
4 15 6 4 0 9 6 4
188317083
34 15 6 4 0 9 6 4
189341642
4 18 15 4 0 9 6 4
187942538
34 18 15 4 0 9 6 4
148851194
4 24 21 34 15 9 6 4
124241594
34 24 21 34 15 9 6 4
181379858
4 30 24 34 15 9 6 4
180354458
34 30 24 34 15 9 6 4
190697571
4 18 0 4 27 15 6 4
190596771
34 18 0 4 27 15 6 4
190697812
4 18 15 4 27 15 6 4
190639516
34 18 15 4 27 15 6 4
190697596
4 30 9 12 34 18 0 4
190596796
34 30 9 12 34 18 0 4
148851146
4 27 30 12 34 18 0 4
124241546
34 27 30 12 34 18 0 4
189326139
12 34 0 4 6 9 0 4
148458915
24 34 0 4 6 9 0 4
190649763
30 34 0 4 6 9 0 4
189328013
12 34 15 4 6 9 0 4
148503868
24 34 15 4 6 9 0 4
190654972
30 34 15 4 6 9 0 4
189340061
12 34 18 4 6 9 0 4
148793020
24 34 18 4 6 9 0 4
190665916
30 34 18 4 6 9 0 4
189267338
12 34 0 4 18 9 0 4
147048266
24 34 0 4 18 9 0 4
190510922
30 34 0 4 18 9 0 4
189312314
12 34 15 4 18 9 0 4
148127138
24 34 15 4 18 9 0 4
190635938
30 34 15 4 18 9 0 4
148849563
12 34 6 4 27 18 0 4
132506019
21 34 6 4 27 18 0 4
180698787
30 34 6 4 27 18 0 4
148503818
12 34 15 4 27 18 0 4
124155722
21 34 15 4 27 18 0 4
180350282
30 34 15 4 27 18 0 4
148792970
12 34 18 4 27 18 0 4
130459466
21 34 18 4 27 18 0 4
180612938
30 34 18 4 27 18 0 4
188661435
21 34 6 4 0 9 6 4
190669467
30 34 6 4 0 9 6 4
188313482
21 34 15 4 0 9 6 4
190654922
30 34 15 4 0 9 6 4
188576138
21 34 18 4 0 9 6 4
190665866
30 34 18 4 0 9 6 4
188664413
21 34 6 4 15 9 6 4
148851345
24 34 6 4 15 9 6 4
190669593
30 34 6 4 15 9 6 4
188647610
21 34 18 4 15 9 6 4
148835738
24 34 18 4 15 9 6 4
190668890
30 34 18 4 15 9 6 4
190697163
12 34 0 4 27 15 6 4
181363491
24 34 0 4 27 15 6 4
190697243
12 34 15 4 27 15 6 4
181365388
24 34 15 4 27 15 6 4
190697745
12 34 18 4 27 15 6 4
181377436
24 34 18 4 27 15 6 4
190694666
12 34 0 4 18 27 15 4
181304138
24 34 0 4 18 27 15 4
190696586
12 34 15 4 18 27 15 4
181349666
24 34 15 4 18 27 15 4
132577468
21 34 6 4 15 27 18 4
180701788
30 34 6 4 15 27 18 4
132174242
21 34 18 4 15 27 18 4
180684962
30 34 18 4 15 27 18 4
188648739
34 4 18 15 4 6 0 4
189312411
12 34 18 15 4 6 0 4
187912611
21 34 18 15 4 6 0 4
148129443
24 34 18 15 4 6 0 4
190638243
30 34 18 15 4 6 0 4
189327867
15 4 21 12 34 6 0 4
189338811
18 4 21 12 34 6 0 4
188662587
34 4 21 12 34 6 0 4
148461243
24 34 21 12 34 6 0 4
190652091
30 34 21 12 34 6 0 4
190697235
15 4 30 12 34 6 0 4
190697691
18 4 30 12 34 6 0 4
190669515
34 4 30 12 34 6 0 4
181363611
24 34 30 12 34 6 0 4
148500387
15 4 24 21 34 6 0 4
148763043
18 4 24 21 34 6 0 4
132533667
34 4 24 21 34 6 0 4
180281763
30 34 24 21 34 6 0 4
189312291
15 4 27 24 34 6 0 4
181365219
15 4 30 24 34 6 0 4
181376163
18 4 30 24 34 6 0 4
180699939
34 4 30 24 34 6 0 4
188647587
18 4 27 30 34 6 0 4
181363514
24 34 30 12 34 9 0 4
189267363
0 4 9 12 34 18 0 4
189312316
15 4 9 12 34 18 0 4
189308810
15 4 21 12 34 18 0 4
188603786
34 4 21 12 34 18 0 4
147104138
24 34 21 12 34 18 0 4
190566794
30 34 21 12 34 18 0 4
190696394
15 4 30 12 34 18 0 4
190667018
34 4 30 12 34 18 0 4
181307018
24 34 30 12 34 18 0 4
148043594
15 4 24 21 34 18 0 4
131123018
34 4 24 21 34 18 0 4
178235210
30 34 24 21 34 18 0 4
181345610
15 4 30 24 34 18 0 4
180640586
34 4 30 24 34 18 0 4
132577443
6 4 27 30 34 18 0 4
132173642
18 4 27 30 34 18 0 4
180698810
30 34 24 21 34 9 6 4
189341789
18 4 21 12 34 15 6 4
188664461
34 4 21 12 34 15 6 4
148503965
24 34 21 12 34 15 6 4
190655069
30 34 21 12 34 15 6 4
190697817
18 4 30 12 34 15 6 4
190669595
34 4 30 12 34 15 6 4
181365393
24 34 30 12 34 15 6 4
188664411
6 4 9 21 34 15 6 4
188647562
18 4 9 21 34 15 6 4
148834492
18 4 24 21 34 15 6 4
132578620
34 4 24 21 34 15 6 4
180353212
30 34 24 21 34 15 6 4
190694691
0 4 27 24 34 15 6 4
190696588
15 4 27 24 34 15 6 4
181379164
18 4 30 24 34 15 6 4
180701836
34 4 30 24 34 15 6 4
188648762
34 4 21 12 34 18 15 4
148129466
24 34 21 12 34 18 15 4
190638266
30 34 21 12 34 18 15 4
190668938
34 4 30 12 34 18 15 4
181349786
24 34 30 12 34 18 15 4
132201890
34 4 24 21 34 18 15 4
179949986
30 34 24 21 34 18 15 4
180686114
34 4 30 24 34 18 15 4
181360010
0 4 30 24 34 21 12 34
181379741
6 4 30 24 34 21 12 34
181365242
15 4 30 24 34 21 12 34
181376186
18 4 30 24 34 21 12 34
180699962
34 4 30 24 34 21 12 34
190697165
12 34 9 0 4 30 12 34
181363516
24 34 9 0 4 30 12 34
132577466
21 34 27 18 4 30 12 34
180701786
30 34 27 18 4 30 12 34
132505994
21 34 9 6 4 24 21 34
180698762
30 34 9 6 4 24 21 34
190694714
12 34 27 15 4 24 21 34
181304738
24 34 27 15 4 24 21 34
189308835
15 4 18 0 4 6 9 0 4
188603811
34 4 18 0 4 6 9 0 4
189269691
12 34 18 0 4 6 9 0 4
147104163
24 34 18 0 4 6 9 0 4
190566819
30 34 18 0 4 6 9 0 4
188648764
34 4 18 15 4 6 9 0 4
189312413
12 34 18 15 4 6 9 0 4
148129468
24 34 18 15 4 6 9 0 4
190638268
30 34 18 15 4 6 9 0 4
190697019
0 4 30 12 34 6 9 0 4
190697237
15 4 30 12 34 6 9 0 4
190697693
18 4 30 12 34 6 9 0 4
190669517
34 4 30 12 34 6 9 0 4
181363613
24 34 30 12 34 6 9 0 4
181360035
0 4 30 24 34 6 9 0 4
181365244
15 4 30 24 34 6 9 0 4
181376188
18 4 30 24 34 6 9 0 4
180699964
34 4 30 24 34 6 9 0 4
190691210
0 4 30 12 34 18 9 0 4
190696442
15 4 30 12 34 18 9 0 4
190667066
34 4 30 12 34 18 9 0 4
181307066
24 34 30 12 34 18 9 0 4
181221194
0 4 30 24 34 18 9 0 4
181346210
15 4 30 24 34 18 9 0 4
180641186
34 4 30 24 34 18 9 0 4
148834467
18 4 15 6 4 27 18 0 4
132578595
34 4 15 6 4 27 18 0 4
148503963
12 34 15 6 4 27 18 0 4
124211619
21 34 15 6 4 27 18 0 4
180353187
30 34 15 6 4 27 18 0 4
132201290
34 4 18 15 4 27 18 0 4
148129418
12 34 18 15 4 27 18 0 4
114534218
21 34 18 15 4 27 18 0 4
179949386
30 34 18 15 4 27 18 0 4
148848315
6 4 21 12 34 27 18 0 4
148500362
15 4 21 12 34 27 18 0 4
148763018
18 4 21 12 34 27 18 0 4
132533642
34 4 21 12 34 27 18 0 4
180281738
30 34 21 12 34 27 18 0 4
181379739
6 4 30 12 34 27 18 0 4
181365194
15 4 30 12 34 27 18 0 4
181376138
18 4 30 12 34 27 18 0 4
180699914
34 4 30 12 34 27 18 0 4
189341787
18 4 15 6 4 0 9 6 4
188664459
34 4 15 6 4 0 9 6 4
188315835
21 34 15 6 4 0 9 6 4
190655067
30 34 15 6 4 0 9 6 4
188648714
34 4 18 15 4 0 9 6 4
187912586
21 34 18 15 4 0 9 6 4
190638218
30 34 18 15 4 0 9 6 4
148851293
6 4 24 21 34 15 9 6 4
148834490
18 4 24 21 34 15 9 6 4
132578618
34 4 24 21 34 15 9 6 4
180353210
30 34 24 21 34 15 9 6 4
181379865
6 4 30 24 34 15 9 6 4
181379162
18 4 30 24 34 15 9 6 4
180701834
34 4 30 24 34 15 9 6 4
190696419
15 4 18 0 4 27 15 6 4
190667043
34 4 18 0 4 27 15 6 4
190694811
12 34 18 0 4 27 15 6 4
181307043
24 34 18 0 4 27 15 6 4
190668940
34 4 18 15 4 27 15 6 4
190696593
12 34 18 15 4 27 15 6 4
181349788
24 34 18 15 4 27 15 6 4
190691235
0 4 30 9 12 34 18 0 4
190696444
15 4 30 9 12 34 18 0 4
190667068
34 4 30 9 12 34 18 0 4
190694813
12 34 30 9 12 34 18 0 4
181307068
24 34 30 9 12 34 18 0 4
148851291
6 4 27 30 12 34 18 0 4
148834442
18 4 27 30 12 34 18 0 4
132578570
34 4 27 30 12 34 18 0 4
124211594
21 34 27 30 12 34 18 0 4
180353162
30 34 27 30 12 34 18 0 4
190694716
27 24 34 15 4 6 9 0 4
132577418
27 30 34 18 4 0 9 6 4
189341835
4 12 34 18 15 4 6 0 4
189311163
21 12 34 18 15 4 6 0 4
190696539
30 12 34 18 15 4 6 0 4
188645283
4 21 34 18 15 4 6 0 4
148099491
24 21 34 18 15 4 6 0 4
148835619
4 24 34 18 15 4 6 0 4
181348515
30 24 34 18 15 4 6 0 4
190668771
4 30 34 18 15 4 6 0 4
188316987
34 15 4 21 12 34 6 0 4
188606139
34 18 4 21 12 34 6 0 4
148849467
4 24 34 21 12 34 6 0 4
181362363
30 24 34 21 12 34 6 0 4
190669371
4 30 34 21 12 34 6 0 4
190655115
34 15 4 30 12 34 6 0 4
190667163
34 18 4 30 12 34 6 0 4
181379787
4 24 34 30 12 34 6 0 4
124239267
34 15 4 24 21 34 6 0 4
131178915
34 18 4 24 21 34 6 0 4
180696483
4 30 34 24 21 34 6 0 4
180354339
34 15 4 30 24 34 6 0 4
180643491
34 18 4 30 24 34 6 0 4
187940234
34 15 4 21 12 34 18 0 4
148790666
4 24 34 21 12 34 18 0 4
181277066
30 24 34 21 12 34 18 0 4
190663562
4 30 34 21 12 34 18 0 4
190639370
34 15 4 30 12 34 18 0 4
181377290
4 24 34 30 12 34 18 0 4
115197770
34 15 4 24 21 34 18 0 4
180557642
4 30 34 24 21 34 18 0 4
179977034
34 15 4 30 24 34 18 0 4
188648861
34 18 4 21 12 34 15 6 4
148851341
4 24 34 21 12 34 15 6 4
181365341
30 24 34 21 12 34 15 6 4
190669589
4 30 34 21 12 34 15 6 4
190668945
34 18 4 30 12 34 15 6 4
181379867
4 24 34 30 12 34 15 6 4
132204220
34 18 4 24 21 34 15 6 4
180701692
4 30 34 24 21 34 15 6 4
180686236
34 18 4 30 24 34 15 6 4
148835642
4 24 34 21 12 34 18 15 4
181348538
30 24 34 21 12 34 18 15 4
190668794
4 30 34 21 12 34 18 15 4
181379210
4 24 34 30 12 34 18 15 4
180682658
4 30 34 24 21 34 18 15 4
180309386
34 0 4 30 24 34 21 12 34
180700061
34 6 4 30 24 34 21 12 34
180354362
34 15 4 30 24 34 21 12 34
180643514
34 18 4 30 24 34 21 12 34
187940259
34 15 4 18 0 4 6 9 0 4
189339963
4 12 34 18 0 4 6 9 0 4
190693563
30 12 34 18 0 4 6 9 0 4
148790691
4 24 34 18 0 4 6 9 0 4
181277091
30 24 34 18 0 4 6 9 0 4
190663587
4 30 34 18 0 4 6 9 0 4
189341837
4 12 34 18 15 4 6 9 0 4
190696541
30 12 34 18 15 4 6 9 0 4
148835644
4 24 34 18 15 4 6 9 0 4
181348540
30 24 34 18 15 4 6 9 0 4
190668796
4 30 34 18 15 4 6 9 0 4
190653243
34 0 4 30 12 34 6 9 0 4
190655117
34 15 4 30 12 34 6 9 0 4
190667165
34 18 4 30 12 34 6 9 0 4
181379789
4 24 34 30 12 34 6 9 0 4
180309411
34 0 4 30 24 34 6 9 0 4
180354364
34 15 4 30 24 34 6 9 0 4
180643516
34 18 4 30 24 34 6 9 0 4
190594442
34 0 4 30 12 34 18 9 0 4
190639418
34 15 4 30 12 34 18 9 0 4
181377338
4 24 34 30 12 34 18 9 0 4
178898762
34 0 4 30 24 34 18 9 0 4
179977634
34 15 4 30 24 34 18 9 0 4
132204195
34 18 4 15 6 4 27 18 0 4
148851339
4 12 34 15 6 4 27 18 0 4
148502715
21 12 34 15 6 4 27 18 0 4
181365339
30 12 34 15 6 4 27 18 0 4
132575139
4 21 34 15 6 4 27 18 0 4
180701667
4 30 34 15 6 4 27 18 0 4
148835594
4 12 34 18 15 4 27 18 0 4
148099466
21 12 34 18 15 4 27 18 0 4
181348490
30 12 34 18 15 4 27 18 0 4
132118346
4 21 34 18 15 4 27 18 0 4
180682058
4 30 34 18 15 4 27 18 0 4
132535995
34 6 4 21 12 34 27 18 0 4
124239242
34 15 4 21 12 34 27 18 0 4
131178890
34 18 4 21 12 34 27 18 0 4
180696458
4 30 34 21 12 34 27 18 0 4
180700059
34 6 4 30 12 34 27 18 0 4
180354314
34 15 4 30 12 34 27 18 0 4
180643466
34 18 4 30 12 34 27 18 0 4
188648859
34 18 4 15 6 4 0 9 6 4
188664315
4 21 34 15 6 4 0 9 6 4
190669587
4 30 34 15 6 4 0 9 6 4
188645258
4 21 34 18 15 4 0 9 6 4
190668746
4 30 34 18 15 4 0 9 6 4
132578717
34 6 4 24 21 34 15 9 6 4
132204218
34 18 4 24 21 34 15 9 6 4
180701690
4 30 34 24 21 34 15 9 6 4
180701841
34 6 4 30 24 34 15 9 6 4
180686234
34 18 4 30 24 34 15 9 6 4
190639395
34 15 4 18 0 4 27 15 6 4
190697739
4 12 34 18 0 4 27 15 6 4
181377315
4 24 34 18 0 4 27 15 6 4
190697819
4 12 34 18 15 4 27 15 6 4
181379212
4 24 34 18 15 4 27 15 6 4
190594467
34 0 4 30 9 12 34 18 0 4
190639420
34 15 4 30 9 12 34 18 0 4
190697741
4 12 34 30 9 12 34 18 0 4
181377340
4 24 34 30 9 12 34 18 0 4
132578715
34 6 4 27 30 12 34 18 0 4
132204170
34 18 4 27 30 12 34 18 0 4
132575114
4 21 34 27 30 12 34 18 0 4
180701642
4 30 34 27 30 12 34 18 0 4
189341691
4 21 12 34 18 15 4 6 0 4
187942587
34 21 12 34 18 15 4 6 0 4
190697811
4 30 12 34 18 15 4 6 0 4
190639515
34 30 12 34 18 15 4 6 0 4
148832163
4 24 21 34 18 15 4 6 0 4
115253667
34 24 21 34 18 15 4 6 0 4
181379043
4 30 24 34 18 15 4 6 0 4
179979939
34 30 24 34 18 15 4 6 0 4
181379643
4 30 24 34 21 12 34 6 0 4
180311739
34 30 24 34 21 12 34 6 0 4
181373834
4 30 24 34 21 12 34 18 0 4
178954634
34 30 24 34 21 12 34 18 0 4
181379861
4 30 24 34 21 12 34 15 6 4
180354461
34 30 24 34 21 12 34 15 6 4
181379066
4 30 24 34 21 12 34 18 15 4
179979962
34 30 24 34 21 12 34 18 15 4
148503867
24 34 15 4 21 12 34 6 0 4
190654971
30 34 15 4 21 12 34 6 0 4
148793019
24 34 18 4 21 12 34 6 0 4
190665915
30 34 18 4 21 12 34 6 0 4
181365387
24 34 15 4 30 12 34 6 0 4
181377435
24 34 18 4 30 12 34 6 0 4
180350883
30 34 15 4 24 21 34 6 0 4
180613539
30 34 18 4 24 21 34 6 0 4
148127114
24 34 15 4 21 12 34 18 0 4
190635914
30 34 15 4 21 12 34 18 0 4
181349642
24 34 15 4 30 12 34 18 0 4
179894090
30 34 15 4 24 21 34 18 0 4
148835741
24 34 18 4 21 12 34 15 6 4
190668893
30 34 18 4 21 12 34 15 6 4
181379217
24 34 18 4 30 12 34 15 6 4
180684988
30 34 18 4 24 21 34 15 6 4
190697595
4 30 12 34 18 0 4 6 9 0 4
190596795
34 30 12 34 18 0 4 6 9 0 4
181373859
4 30 24 34 18 0 4 6 9 0 4
178954659
34 30 24 34 18 0 4 6 9 0 4
190697813
4 30 12 34 18 15 4 6 9 0 4
190639517
34 30 12 34 18 15 4 6 9 0 4
181379068
4 30 24 34 18 15 4 6 9 0 4
179979964
34 30 24 34 18 15 4 6 9 0 4
148851195
4 21 12 34 15 6 4 27 18 0 4
124241595
34 21 12 34 15 6 4 27 18 0 4
181379859
4 30 12 34 15 6 4 27 18 0 4
180354459
34 30 12 34 15 6 4 27 18 0 4
148832138
4 21 12 34 18 15 4 27 18 0 4
115253642
34 21 12 34 18 15 4 27 18 0 4
181379018
4 30 12 34 18 15 4 27 18 0 4
179979914
34 30 12 34 18 15 4 27 18 0 4
189312315
12 34 15 4 18 0 4 6 9 0 4
148127139
24 34 15 4 18 0 4 6 9 0 4
190635939
30 34 15 4 18 0 4 6 9 0 4
181363515
24 34 0 4 30 12 34 6 9 0 4
181365389
24 34 15 4 30 12 34 6 9 0 4
181377437
24 34 18 4 30 12 34 6 9 0 4
181304714
24 34 0 4 30 12 34 18 9 0 4
181349690
24 34 15 4 30 12 34 18 9 0 4
148835739
12 34 18 4 15 6 4 27 18 0 4
132174243
21 34 18 4 15 6 4 27 18 0 4
180684963
30 34 18 4 15 6 4 27 18 0 4
180698811
30 34 6 4 21 12 34 27 18 0 4
180350858
30 34 15 4 21 12 34 27 18 0 4
180613514
30 34 18 4 21 12 34 27 18 0 4
188647611
21 34 18 4 15 6 4 0 9 6 4
190668891
30 34 18 4 15 6 4 0 9 6 4
180701789
30 34 6 4 24 21 34 15 9 6 4
180684986
30 34 18 4 24 21 34 15 9 6 4
190696587
12 34 15 4 18 0 4 27 15 6 4
181349667
24 34 15 4 18 0 4 27 15 6 4
190694715
12 34 0 4 30 9 12 34 18 0 4
181304739
24 34 0 4 30 9 12 34 18 0 4
190696589
12 34 15 4 30 9 12 34 18 0 4
181349692
24 34 15 4 30 9 12 34 18 0 4
132577467
21 34 6 4 27 30 12 34 18 0 4
180701787
30 34 6 4 27 30 12 34 18 0 4
132174218
21 34 18 4 27 30 12 34 18 0 4
180684938
30 34 18 4 27 30 12 34 18 0 4
188648763
34 4 21 12 34 18 15 4 6 0 4
148129467
24 34 21 12 34 18 15 4 6 0 4
190638267
30 34 21 12 34 18 15 4 6 0 4
190668939
34 4 30 12 34 18 15 4 6 0 4
181349787
24 34 30 12 34 18 15 4 6 0 4
132201891
34 4 24 21 34 18 15 4 6 0 4
179949987
30 34 24 21 34 18 15 4 6 0 4
180686115
34 4 30 24 34 18 15 4 6 0 4
181365243
15 4 30 24 34 21 12 34 6 0 4
181376187
18 4 30 24 34 21 12 34 6 0 4
180699963
34 4 30 24 34 21 12 34 6 0 4
181346186
15 4 30 24 34 21 12 34 18 0 4
180641162
34 4 30 24 34 21 12 34 18 0 4
181379165
18 4 30 24 34 21 12 34 15 6 4
180701837
34 4 30 24 34 21 12 34 15 6 4
180686138
34 4 30 24 34 21 12 34 18 15 4
190696443
15 4 30 12 34 18 0 4 6 9 0 4
190667067
34 4 30 12 34 18 0 4 6 9 0 4
181307067
24 34 30 12 34 18 0 4 6 9 0 4
181346211
15 4 30 24 34 18 0 4 6 9 0 4
180641187
34 4 30 24 34 18 0 4 6 9 0 4
190668941
34 4 30 12 34 18 15 4 6 9 0 4
181349789
24 34 30 12 34 18 15 4 6 9 0 4
180686140
34 4 30 24 34 18 15 4 6 9 0 4
148834491
18 4 21 12 34 15 6 4 27 18 0 4
132578619
34 4 21 12 34 15 6 4 27 18 0 4
180353211
30 34 21 12 34 15 6 4 27 18 0 4
181379163
18 4 30 12 34 15 6 4 27 18 0 4
180701835
34 4 30 12 34 15 6 4 27 18 0 4
132201866
34 4 21 12 34 18 15 4 27 18 0 4
179949962
30 34 21 12 34 18 15 4 27 18 0 4
180686090
34 4 30 12 34 18 15 4 27 18 0 4
148835643
4 24 34 21 12 34 18 15 4 6 0 4
181348539
30 24 34 21 12 34 18 15 4 6 0 4
190668795
4 30 34 21 12 34 18 15 4 6 0 4
181379211
4 24 34 30 12 34 18 15 4 6 0 4
180682659
4 30 34 24 21 34 18 15 4 6 0 4
180354363
34 15 4 30 24 34 21 12 34 6 0 4
180643515
34 18 4 30 24 34 21 12 34 6 0 4
179977610
34 15 4 30 24 34 21 12 34 18 0 4
180686237
34 18 4 30 24 34 21 12 34 15 6 4
190639419
34 15 4 30 12 34 18 0 4 6 9 0 4
181377339
4 24 34 30 12 34 18 0 4 6 9 0 4
179977635
34 15 4 30 24 34 18 0 4 6 9 0 4
181379213
4 24 34 30 12 34 18 15 4 6 9 0 4
132204219
34 18 4 21 12 34 15 6 4 27 18 0 4
180701691
4 30 34 21 12 34 15 6 4 27 18 0 4
180686235
34 18 4 30 12 34 15 6 4 27 18 0 4
180682634
4 30 34 21 12 34 18 15 4 27 18 0 4
181379067
4 30 24 34 21 12 34 18 15 4 6 0 4
179979963
34 30 24 34 21 12 34 18 15 4 6 0 4
181349691
24 34 15 4 30 12 34 18 0 4 6 9 0 4
180684987
30 34 18 4 21 12 34 15 6 4 27 18 0 4
180686139
34 4 30 24 34 21 12 34 18 15 4 6 0 4
